1 –1 917 861,343 –1 597,53455 3 389,08854 –1 206,07844
2 –7 649,811 5 243,88105 2 173,09105 31,67769
3 –23 204 717,367 –694,74764 –2 543,95209 3 010,82934
4 –8 601 525,203 597,26083 4 124,29275 3 032,72188
5 –39 262 968,108 1 472,01984 2 496,13550 2 305,68074
6 –37 656 928,613 –1 395,72710 522,57926 1 219,80230
7 55 417,233 –4 729,43278 241,06220 –1 386,75430
8 –1 122 388,574 1 613,74542 –1 389,46971 –4 742,37198
9 11 553 321,883 –737,33302 4 223,69658 –89,84823
10 –3 212 166,768 –3 498,93844 2 123,53095 –2 780,28445
11 –127 570,128 2 443,27977 –2 075,43783 –3 115,11405
12 537 718,408 1 399,38281 –2 714,24422 –1 999,26660
13 159 431,526 –1 807,95598 4 038,16007 –1 984,43463
14 –9 621 707,493 500,99426 2 417,51767 2 081,23547
15 14 954 047,019 564,56372 4 169,62120 3 107,28151
16 –1 454 978,047 –3 606,22095 2 202,63232 2 555,27655
17 12 173,463 3 494,94521 –2 225,41218 3 504,56634
18 6 235 318,028 2 819,10268 1 215,19399 3 031,84264
19 –4 022 993,036 830,78873 1 187,36734 2 665,51499
20 –13 233 537,348 –2 407,50792 –987,75326 1 168,97751
21 –837 955,460 2 745,40696 3 312,38455 561,61201
22 66 944,487 474,28039 1 205,35801 –4 546,03756
23 9 533 469,996 –1 675,28817 –797,14875 –3 048,67319
24 13 126,101 1 951,39223 –5 027,13641 –1 609,06073
25 133 490 487,677 –1 131,17750 –625,93077 614,81653
26 11 202,018 4 552,11518 1 485,42650 –1 997,43144
27 –8 306 318,912 32,85983 1 869,79667 –2 877,64543
28 1 563 860,673 –3 588,59466 2 192,00472 2 532,32304
29 –4 110 249,075 –1 688,88208 –2 509,59158 997,39780
30 –708 432,828 142,71007 –2 365,17339 3 559,90481
31 115 758,347 –2 583,62219 3 876,78111 –1 530,49081
32 47 117,768 –4 410,11412 –1 491,17613 1 951,16572
33 3 060 709,563 –3 512,99151 2 136,54197 –2 789,00902
34 125 694,630 2 887,19498 –1 520,35002 –2 929,00588
35 –19 909 835,138 –1 221,99104 –1 430,21334 2 886,63494
36 –25 600 026,158 –795,89525 4 094,06397 –148,43103
37 8 998 492,144 –859,93100 –2 675,58249 3 049,08749
38 6 460 340,213 134,47321 –3 777,76920 –737,29613
39 22 635 646,931 2 030,13210 2 786,99103 1 094,12609
40 14 963 823,854 –894,96828 3 946,71389 –241,43049
41 104 200 607,824 1 424,84214 2 420,76271 1 954,22532
42 –29 025,051 3 640,95418 2 890,38428 –1 299,38754
43 –25 923 827,511 –1 666,65137 –1 236,38163 –177,16683
44 4 710,121 –2 926,62377 1 305,39588 4 683,40996
45 –72 296 468,140 1 704,30580 2 570,01705 1 437,94150
46 11 488 188,566 –1 329,71266 –1 480,67585 3 122,43463
47 30 871,376 2 993,13075 –3 221,87772 2 310,62018
48 –6 821 341,595 539,11732 4 204,18554 3 168,98432
49 4 053 215,384 520,10547 –3 574,66707 –271,75382
50 2 364 380,549 –1 696,20051 1 611,26783 2 166,50206
51 –5 107 799,845 –2 806,42940 90,03200 –437,20618
52 1 152 914,935 1 613,29970 –1 398,25374 –4 728,63714
53 14 079 228,613 1 331,61419 –1 428,22398 234,32978
54 24 148,390 2 240,63930 2 260,34015 –3 797,81205
55 14 981 240,134 –523,57471 –2 437,64320 3 040,87357
56 –7 746 811,230 2 751,33446 1 231,49383 2 975,90618
57 –52 402 113,809 490,27870 –1 222,02040 299,60165
58 –9 702 053,744 214,47365 –3 717,91494 –621,72796
59 6 998 066,913 43,26692 1 953,11104 –2 943,24995
60 –11 022 424,436 –1 649,80829 –755,81754 –2 992,38699